5142 4165        - 0       1871118140493076224      - 312.2788230257468     37.47122796548486      2016.0    2020yCat.1350....0G  56.889944995813316  0.024203349  2020yCat.1350....0G   162.1213259095209      0.017384950071573257   148.14226344816902      0.019009867683053017 2020yCat.1350....0G                                                                  13.035794   5.572078264486019E-4 13.005794   7.248972342809907E-4 13.128798   6.243360728239591E-4                                                                                     13.035794    5.572078264486019E-4 -0.0930032730102539    8.368250078031962E-4 1  13.303 0.023  13.37  0.024  13.432 0.038 2003yCat.2246....0C                                                                            
5239 822.1  C    3 0       1964791549008457856 104887 318.69622421753587    38.022506739978056     2016.0    2020yCat.1350....0G  49.13663575835233   0.046642184  2020yCat.1350....0G   167.7706100920773      0.037009987980127335   421.00827432943174      0.045331697911024094 2020yCat.1350....0G  -23.54244041442871      0.4040163457393646  2020yCat.1350....0G 11.000573     5.9423500100048E-4 12.187614  0.0014373387148704257  9.816401  0.0011814247034740769                                                                                     11.000573      5.9423500100048E-4  1.1114314415706823    0.002269737189906395 0   8.337 0.023   7.706 0.017   7.485 0.016 2003yCat.2246....0C   7.271 0.029   7.214 0.02    7.138 0.017   6.941 0.086 2014yCat.2328....0C
5240 822.1  AB   3 1                         - 104887 318.69727753340095    38.044320596888575     1991.25   2007A&A...474..653V  49.15999984741211   0.4          2007A&A...474..653V   196.99                 0.30000001192092896    410.28                  0.30000001192092896  2007A&A...474..653V                                                                                                 -                                -                                -  3.6361307652971764  0.08191097527742386  0.3479282614601318   0.13113095742293152   3.6361308    0.08191097527742386  0.3479282614601318     0.13113095742293152 2                                                                                                                                          
5218 820    B    2 0       1872046574983497216 104217 316.753662752556      38.75607277205679      2016.0    2020yCat.1350....0G 286.0053518616485    0.033118717  2020yCat.1350....0G  4105.976428209489       0.025807728990912437  3155.9416398273515       0.026797225698828697 2020yCat.1350....0G  -64.425048828125        0.13015395402908325 2020yCat.1350....0G  5.4506445  4.424983953618887E-4  6.272253     6.4359276423353E-4  4.5569124  0.002329804315326081                                                                                      5.4506445   4.424983953618887E-4  0.8901713403166354    0.002744485342261056 0   3.546 0.278   2.895 0.218   2.544 0.328 2003yCat.2246....0C                                                                            
5217 820    A    2 1       1872046609345556480 104214 316.7484792940004     38.76386244649797      2016.0    2020yCat.1350....0G 285.99494829578117   0.06864106   2020yCat.1350....0G  4164.2086922846665      0.055289942771196365  3249.613883848584        0.05502299591898918  2020yCat.1350....0G  -65.93775939941406      0.13571152091026306 2020yCat.1350....0G  4.766713   6.282216401914759E-4  5.4397926  7.487942182464748E-4  3.977203  0.0028582909851840735                                                                                      4.766713    6.282216401914759E-4  0.7897094490303651   0.0032280830437372413 0   3.114 0.268   2.54  0.198   2.248 0.318 2003yCat.2246....0C                                                                            
5087 4152        - 0       2063967910147595008      - 309.1927827933898     38.84173999457955      2016.0    2020yCat.1350....0G  61.14214708478485   0.020986356  2020yCat.1350....0G   170.6506272054245      0.015759747475385666  -150.55772740899727      0.016498923301696777 2020yCat.1350....0G                                                                  12.111444  3.5706704776544847E-4 13.608441  0.0012469395091794099 10.9161005  5.365383494421036E-4                                                                                     12.111444   3.5706704776544847E-4  1.1933029410257392   0.0018795562082509383 0   9.27  0.02    8.707 0.023   8.461 0.015 2003yCat.2246....0C   8.286 0.023   8.133 0.021   8.388 0.056   8.353       2014yCat.2328....0C
5070 792         - 0       2064100569188230144      - 307.85797116863074    38.56548761204535      2016.0    2020yCat.1350....0G  64.94565133943459   0.54187185   2020yCat.1350....0G   201.38337848845225     0.4491032063961029     720.6780184247978       0.488338828086853    2020yCat.1350....0G                                                                  12.146215   7.142508408140188E-4 13.765141   0.001236798589041952 10.901452   5.066455711522228E-4                                                                                     12.146215    7.142508408140188E-4  1.2312332014338747   0.0018645000629188312 0   9.193 0.021   8.627 0.021   8.358 0.016 2003yCat.2246....0C   8.165 0.022   7.975 0.02    7.977 0.031   8.569       2014yCat.2328....0C
5195 13045       - 0       1873146567646378880      - 315.3884359246044     39.95101730803674      2016.0    2020yCat.1350....0G  41.762333855997824  0.027799973  2020yCat.1350....0G  -147.61169576383344     0.024664197117090225     2.7965973861282163    0.02547651343047619  2020yCat.1350....0G                                                                  14.335631   6.321778622023894E-4 16.363392   0.004909650667301854 13.007822      9.493787168861E-4                                                                                     14.335631    6.321778622023894E-4  1.3265683729170326    0.005166816197912776 0  10.99  0.021  10.403 0.017  10.116 0.015 2003yCat.2246....0C   9.915 0.023   9.723 0.019   9.599 0.04    8.959       2014yCat.2328....0C
5187 815         - 0       1873073175244118784 103655 315.02594408686326    40.069067417758205     2016.0    2020yCat.1350....0G  66.58648910676197   0.081110805  2020yCat.1350....0G   602.234338946363       0.06774771213531494   -250.52112642010468      0.08026967942714691  2020yCat.1350....0G                                                                   9.396831   7.831661694056214E-4 10.391384   0.003477202047636447  8.152237  0.0029078305750718887                                                                                      9.396831    7.831661694056214E-4  1.0731525599776388    0.004715550098706407 0   6.668 0.02    6.089 0.016   5.88  0.018 2003yCat.2246....0C   5.81  0.119   5.57  0.042   5.59  0.014   5.449 0.027 2014yCat.2328....0C
5321 834    B    2 0       1953952387283004544 106694 324.1591741992401     39.45494611812431      2016.0    2020yCat.1350....0G  47.94117281547513   0.28714016   2020yCat.1350....0G  -168.82919122188565     0.21273523569107056   -178.54616030866643      0.421548455953598    2020yCat.1350....0G                                                                  11.071051   0.005935644359627794                                -                                -                                                                                     11.071051    0.005935644359627794                                           -     7.111 0.023   6.496 0.049   6.302 0.021 2014yCat.2328....0C   6.193 0.083   6.013 0.036   6.054 0.016   5.944 0.047 2014yCat.2328....0C
5322 834    A    2 1       1953952391581618432 106694 324.15953061029757    39.45499047105479      2016.0    2020yCat.1350....0G  48.140152869661804  0.20366761   2020yCat.1350....0G  -209.18084234937302     0.1534671187400818    -160.10661440006356      0.18601787090301514  2020yCat.1350....0G    0.7180829048156738    1.6779325008392334  2020yCat.1350....0G  9.651061   4.960761630394836E-4 10.391324   0.004125249295203368  8.42933   0.0027674296685332514                                                                                      9.651061    4.960761630394836E-4  0.9817706258768413    0.005134817301312087 0   7.111 0.023   6.496 0.049   6.302 0.021 2003yCat.2246....0C   6.193 0.083   6.013 0.036   6.054 0.016   5.944 0.047 2014yCat.2328....0C
5377 13143       - 0       1954170404122975232      - 327.0723954642871     40.068517793015445     2016.0    2020yCat.1350....0G 123.6752359487603    0.35115317   2020yCat.1350....0G   772.175608915056       0.36216169595718384    458.2432398551363       0.3537176847457886   2020yCat.1350....0G  -14.52                  0.71                2016ApJS..225...10F 19.818087  0.0034473351194145995 21.344938    0.14329176717471767 18.1991     0.014451637529177958                                                                                     19.818087   0.0034473351194145995  1.6189861297607422    0.014857117711733123 1  14.147 0.029  12.783 0.03   11.765 0.023 2003yCat.2246....0C  10.756 0.024  10.243 0.02    9.631 0.042   9.066 0.469 2014yCat.2328....0C
5272 13087       - 0       1965478468902062464      - 321.13780325406816    40.06853292389345      2016.0    2020yCat.1350....0G  68.977207391706     0.024692558  2020yCat.1350....0G   542.2302496681876      0.021917862817645073   439.0240379519082       0.02298709563910961  2020yCat.1350....0G  -60.0                  30.0                 2003AJ....125.1598L 13.897119    6.00116458654476E-4 16.177614   0.003989982909861778 12.525053  0.0011448769432318682                                                                                     13.897119     6.00116458654476E-4  1.3763144971504129    0.004349793884327511 0  10.339 0.022   9.74  0.028   9.431 0.025 2003yCat.2246....0C   9.177 0.022   8.996 0.02    8.839 0.024   8.721       2014yCat.2328....0C
5353 836.8       - 0       1954559047126247808 107346 326.12447685375383    41.597644171781745     2016.0    2020yCat.1350....0G  50.43759479536322   0.015430525  2020yCat.1350....0G   -61.18503452366127     0.011677817441523075    40.902037306339906     0.013214184902608395 2020yCat.1350....0G   10.287345886230469     0.25322192907333374 2020yCat.1350....0G  9.042687  1.9611662232825631E-4  9.847819   5.575572946508205E-4  8.167549  3.4839259054754386E-4                                                                                      9.042687   1.9611662232825631E-4  0.8766940672368893   0.0014567935797383136 0   7.07  0.027   6.422 0.034   6.289 0.021 2003yCat.2246....0C   6.187 0.093   6.134 0.026   6.201 0.015   6.121 0.054 2014yCat.2328....0C
5435 4246        - 0       1959969434607205504      - 329.84200557555965    41.8570493695783       2016.0    2020yCat.1350....0G  48.63778540452219   0.02473718   2020yCat.1350....0G   109.84569316010973     0.018172400072216988  -408.7680363605242       0.020122075453400612 2020yCat.1350....0G                                                                  11.647216   4.340046317905812E-4 12.987848  0.0010261250198690364 10.498184   5.389286483555364E-4                                                                                     11.647216    4.340046317905812E-4  1.1434404284010018   0.0017416591642510184 0   8.982 0.02    8.384 0.017   8.156 0.017 2003yCat.2246....0C   7.989 0.023   7.859 0.02    7.75  0.02    7.559 0.154 2014yCat.2328....0C
5408 13164       - 0       1960660958705529344      - 328.4943475912564     42.59147613766264      2016.0    2020yCat.1350....0G  39.71028012800859   0.55322593   2020yCat.1350....0G   -80.03099609629271     0.49578800797462463   -257.014316186583        0.5216658711433411   2020yCat.1350....0G                                                                  15.846461  0.0022644217915160133 17.85983     0.01453622962326472 13.899472  0.0011195595462733605                                                                                     15.846461   0.0022644217915160133  1.418841218195858     0.014637123530186202 0  11.636 0.024  11.059 0.028  10.763 0.023 2003yCat.2246....0C  10.498 0.023  10.301 0.02   10.088 0.05    8.562       2014yCat.2328....0C
5357 13134       - 0       1973094614149871872 107376 326.2240927718659     44.282895104675546     2016.0    2020yCat.1350....0G  43.67485492625354   0.017030258  2020yCat.1350....0G  -140.59959449784125     0.014305731281638145  -655.3964569723692       0.015249171294271946 2020yCat.1350....0G  -28.088727951049805     0.23466341197490692 2020yCat.1350....0G 10.513817   3.256439375947012E-4 11.63558   0.0014669283678201772  9.457491   6.202110674754356E-4                                                                                     10.513817    3.256439375947012E-4  1.0542328329064787    0.002055855200283957 0   8.1   0.02    7.454 0.017   7.255 0.018 2003yCat.2246....0C   7.012 0.058   7.069 0.02    6.988 0.016   6.813 0.069 2014yCat.2328....0C
5369 4219        - 0       1974606167761195904      - 326.7361495066119     46.635039174978616     2016.0    2020yCat.1350....0G  58.36152258870921   0.020826243  2020yCat.1350....0G   278.74591067000216     0.017694594338536263    -5.6004305070394444    0.018322879448533058 2020yCat.1350....0G                                                                  12.080098  4.7707375853444387E-4 13.694959  0.0017617700897281405 10.846426    9.85507179888685E-4                                                                                     12.080098   4.7707375853444387E-4  1.2279053022167037   0.0024010535709710536 0   9.089 0.05    8.481 0.03    8.214 0.016 2003yCat.2246....0C   8.041 0.022   7.907 0.018   7.762 0.017   7.619 0.158 2014yCat.2328....0C
5076 12978       - 0       2064689567732385792      - 308.34127538452407    39.9022620110814       2016.0    2020yCat.1350....0G  48.225744059263675  0.038462635  2020yCat.1350....0G    36.576563022233415    0.03582136332988739   -100.9243569647661       0.03752807527780533  2020yCat.1350....0G                                                                  16.224464   4.617975602564565E-4 16.53693    0.003749627284143316 15.753734  0.0028826373906516768                                                                                     16.224464    4.617975602564565E-4  0.47740794500169437   0.004905028348131648 0  15.279 0.051  15.227 0.078  14.944 0.146 2003yCat.2246....0C                                                                            
5072 793.1       - 0       2067948245320365184 101382 308.21423778614803    41.9004943939358       2016.0    2020yCat.1350....0G  45.772986186111304  0.22918962   2020yCat.1350....0G  -157.00752447215945     0.19457405805587769    451.8265322760054       0.19923831522464752  2020yCat.1350....0G                                                                   6.8316164 1.3678740045161545E-4  7.254273   4.975694264160414E-4  6.2312436  4.955335110090486E-4                                                                                      6.8316164  1.3678740045161545E-4  0.5947818803041928   0.0014775414696843346 0   5.474 0.021   5.081 0.027   4.966 0.017 2003yCat.2246....0C   4.945 0.161   4.658 0.114   4.915 0.017   4.517 0.039 2014yCat.2328....0C
