  2334666126716440064      0.0025650 0.03305    -26.3653495 0.02500    14.697 0.03698    23.497 0.03680   -62.339 0.02981  15.7779   1586.04  17.4299    150.54  14.5407    689.37   1.4738  1.01   0                                        F 1.000 0.000      0.06765      0.06787      0.06803      0.06821     11.27021     11.24292     11.30038      7.54892      7.53064      7.56913    -66.66381    -66.50243    -66.84229                                                                                  PSO J000000.599-2621  2016arXiv161205560C  17.796   0.010  16.549   0.004  15.059   0.003  14.396   0.003    00000058-2621542   12.833   0.024  12.267   0.022  11.977   0.026 J000000.61-262155.2   11.799   0.012  11.606   0.009  11.100   0.128   9.074        
  2341871673090078592      0.0051210 0.42837    -19.4988406 0.34734    26.798 0.50664   179.805 0.57186    -1.041 0.42256   8.9429   8395.61   9.4761   3027.36   8.2513   5889.20   1.2397 29.39   0                                        F 0.992 0.000      0.03581      0.03672      0.03739      0.03806      4.10140      4.02839      4.17453      8.09092      7.94690      8.23519    -36.27160    -35.62593    -36.91837                                                                                   1237667225005326373  2017ApJS..233...25A   9.979   0.000   8.946   0.000   8.662   0.000   9.726   0.001    00000099-1929557    7.402   0.021   6.975   0.042   6.807   0.018 J000001.23-192955.7    6.868   0.021   6.800   0.009   6.722   0.016   6.704   0.077
   530861741656374272      0.0056369 0.00951     70.8873639 0.00858    10.282 0.01075   -52.864 0.01210    17.787 0.01162  10.8521   3717.03  11.3022   1136.43  10.2396   1764.44   1.2190  0.82   0  -26.204   0.4477  2018A&A...616A...1G T 1.000 0.000      0.09702      0.09716      0.09726      0.09736    -46.21263    -46.16461    -46.26229     84.37781     84.29012     84.46847     14.27200     14.25717     14.28734   32.872   32.641   33.088  -13.707  -14.118  -13.303    8.930    8.860    9.001                                                                                                              00000150+7053141    9.523   0.022   9.079   0.028   9.007   0.022 J000001.37+705314.4    8.965   0.013   9.024   0.009   8.937   0.027   8.649   0.333
  2745400068346761216      0.0093361 0.03793      6.5110167 0.03139    16.260 0.05893   117.495 0.06235     9.521 0.03129  16.2772   1834.97  18.2886    116.81  14.9456    863.36   1.5487  0.94   0                                        F 1.000 0.013      0.06094      0.06128      0.06152      0.06175     -6.73827     -6.71231     -6.76331     35.40890     35.27249     35.54048    -49.85672    -49.66464    -50.04198                                                                                  PSO J000002.216+0630  2016arXiv161205560C  18.661   0.004  17.399   0.006  15.571   0.002  14.717   0.004    00000212+0630396   12.922   0.026  12.312   0.030  12.031   0.020 J000002.22+063039.7   11.866   0.013  11.660   0.009  11.630   0.218   8.881        
  2855176271335676800      0.0135364 0.02864     29.2778958 0.01968    10.295 0.04369    51.287 0.05345    46.282 0.02545  15.6236   1958.63  17.0649    167.98  14.4501   1008.03   1.4329  0.98   0                                        F 1.000 0.000      0.09614      0.09672      0.09716      0.09760    -27.65700    -27.53361    -27.78425     77.35709     77.01198     77.71302    -51.86940    -51.63800    -52.10806                                                                                  PSO J000003.234+2916  2016arXiv161205560C  17.406   0.006  16.202   0.003  14.932   0.002  14.344   0.002    00000318+2916395   12.876   0.023  12.282   0.021  12.081   0.018 J000003.24+291640.4   11.907   0.012  11.743   0.008  11.589   0.218   9.077        
  4616265759236854016      0.0148925 0.82732    -86.5417045 0.69756     8.276 0.80528    15.239 1.20974    14.097 1.03176  20.7053    128.05  21.4042      3.59  19.0972     16.12   2.2323  1.02   0                                        F 0.886 0.149      0.09962      0.10961      0.11751      0.12344     56.35943     52.56998     59.20645    -84.11356    -78.45800    -88.36260    -59.63383    -55.62422    -62.64626                                                                                                                                                                                               00000327-8632304   16.323   0.119  15.729   0.151  15.282   0.175 J000003.53-863230.1   15.021   0.017  14.847   0.019  13.058           9.303        
  2875125810310195712      0.0157909 0.15687     34.1883005 0.12670    20.194 0.22496  -227.366 0.20637   -56.934 0.15922   8.3483   6895.11   8.6769   3384.69   7.8431   3544.43   1.2061 14.26   0  -29.942   0.8859  2018A&A...616A...1G T 1.000 0.000      0.04833      0.04901      0.04952      0.05007    -15.72239    -15.55850    -15.89664     41.02444     40.59680     41.47911    -22.85814    -22.61987    -23.11148   61.074   60.429   61.741   -5.584   -6.350   -4.845   12.826   12.409   13.230  1237663235523739680  2017ApJS..233...25A  12.388   0.007  12.293   0.008  12.445   0.008   9.007   0.001    00000410+3411189    7.249   0.017   6.940   0.016   6.885   0.017 J000003.81+341117.9    7.249   0.020   6.922   0.008   6.883   0.016   6.824   0.085
  2335003848584711040      0.0159102 0.02270    -25.4988391 0.01960    12.613 0.02889   -25.099 0.03088   -17.494 0.02368  14.6687   2492.48  16.1144    387.99  13.4936   1220.58   1.4338  1.13   0                                        F 1.000 0.000      0.07890      0.07913      0.07931      0.07949     12.57312     12.54569     12.60143      9.85767      9.83616      9.87986    -77.68060    -77.51114    -77.85551                                                                                  PSO J000003.819-2529  2016arXiv161205560C  16.457   0.005  15.264   0.004  13.971   0.002  13.404   0.005    00000384-2529555   11.925   0.027  11.293   0.022  11.037   0.024 J000003.81-252955.7   10.926   0.012  10.774   0.008  10.602   0.087   8.804        
  2773793203786254208      0.0165201 0.05813     18.1025028 0.03779    13.668 0.07118    52.591 0.08306   -97.222 0.04134  16.5407   1058.20  18.4046     71.43  15.2427    327.42   1.5216  1.03   0                                        F 1.000 0.000      0.07232      0.07283      0.07322      0.07359    -14.84428    -14.76576    -14.91945     51.37350     51.10177     51.63368    -50.01596    -49.75142    -50.26927                                                                                  PSO J000003.948+1806  2016arXiv161205560C  18.750   0.004  17.446   0.004  15.798   0.002  15.025   0.003    00000390+1806105   13.339   0.029  12.797   0.035  12.529   0.026 J000003.95+180609.0   12.350   0.013  12.156   0.009  12.031   0.333   8.951        
  2740326852975975040      0.0196790 0.02465      3.9464089 0.01756    15.394 0.02949   223.197 0.02902   -11.498 0.01897  11.7370   3028.34  12.5407   1618.90  10.8572   2389.40   1.2924  1.89   0   -1.413   0.5492  2018A&A...616A...1G T 1.000 0.000      0.06468      0.06485      0.06496      0.06508     -5.73908     -5.72874     -5.74974     35.35251     35.28883     35.41822    -54.19818    -54.10056    -54.29892  -58.204  -58.323  -58.074  -33.902  -34.228  -33.583  -14.189  -14.662  -13.688 PSO J000004.681+0356  2016arXiv161205560C  12.957   0.000  11.517   0.001  12.727   0.003                    00000449+0356472    9.814   0.026   9.168   0.023   8.973   0.019 J000004.71+035647.1    8.926   0.013   8.944   0.008   8.837   0.030   8.334        
  2846308881856186240      0.0210048 0.02060     20.0352478 0.01215    17.491 0.02423  -206.509 0.02844  -196.098 0.01256   9.3237  11328.77   9.7267   3143.18   8.7460   3548.50   1.2170  1.14   1    5.345   0.2187  2018A&A...616A...1G T 1.000 0.000      0.05699      0.05710      0.05717      0.05726    -12.44220    -12.42495    -12.45974     41.16413     41.10705     41.22215    -37.67859    -37.62635    -37.73170   70.872   70.764   70.983    0.441    0.294    0.611  -31.015  -31.167  -30.870  1237679503782051858  2017ApJS..233...25A   9.999   0.000   9.335   0.000   9.147   0.000   9.551   0.001    00000529+2002100    8.018   0.019   7.659   0.036   7.580   0.020 J000005.04+200207.0    7.772   0.014   7.609   0.008   7.556   0.019   7.758   0.177
  4922504834475892480      0.0210162 0.00845    -56.9942354 0.00916    15.550 0.01154    50.880 0.01044    16.268 0.01204  13.3305   3487.28  14.4752    752.70  12.2609   1085.57   1.3800  1.10   0  -10.306   0.9504  2018A&A...616A...1G T 1.000 0.000      0.06421      0.06426      0.06431      0.06436     24.15980     24.14207     24.17779    -22.98178    -22.96492    -22.99890    -54.98856    -54.94821    -55.02952  -18.907  -19.229  -18.602    0.804    0.522    1.118    3.254    2.574    4.008   000005.04-565939.5  2018PASA...35...10W  14.584   0.012  13.692   0.009  12.562   0.019  12.114   0.017    00000494-5659397   10.790   0.028  10.188   0.025   9.975   0.028 J000005.06-565939.5    9.800   0.012   9.661   0.008                                
  4922504834475011072      0.0217639 0.02732    -56.9948117 0.03023    15.553 0.03801    49.399 0.03470    16.180 0.04068  15.8485   1220.01  17.2291     61.32  14.4569    114.38   1.7199  1.27   9                                        F 1.000 0.000      0.06392      0.06413      0.06430      0.06445     24.15463     24.09211     24.21287    -22.97779    -22.91831    -23.03319    -54.97704    -54.83473    -55.10958                                                                                                                                                                                                                                                                                                                                                     
  2767355150889886592      0.0233445 0.03484     13.7996705 0.02127    16.312 0.04534   184.254 0.05176  -127.998 0.02473  15.3284   2538.87  16.9983    212.69  14.0843   1343.93   1.4797  1.11   0                                        F 1.000 0.000      0.06091      0.06112      0.06129      0.06146    -10.36097    -10.33131    -10.38988     40.32016     40.20475     40.43265    -44.98366    -44.85490    -45.10916                                                                                  PSO J000005.547+1347  2016arXiv161205560C  17.353   0.003  16.149   0.003  14.626   0.004  13.908   0.003    00000538+1348007   12.332   0.026  11.760   0.028  11.549   0.025 J000005.60+134758.9   11.319   0.013  11.122   0.009  10.745   0.116   8.369        
  2740314311671472256      0.0244769 0.08686      3.8918752 0.05994    14.035 0.10563   -55.712 0.10291   -95.048 0.06616  14.3447   3534.53  15.7994    453.30  13.1627   1139.25   1.4403  4.08   0                                        F 1.000 0.000      0.07007      0.07081      0.07129      0.07181     -6.27034     -6.22816     -6.31607     38.74230     38.48165     39.02485    -59.50914    -59.10879    -59.94315                                                                                  PSO J000005.880+0353  2016arXiv161205560C  16.153   0.002  14.963   0.001  13.658   0.004  13.061   0.004    00000593+0353321   11.550   0.024  10.972   0.023  10.685   0.023 J000005.87+035330.8   10.550   0.012  10.389   0.008  10.378   0.082   8.462        
  4991488434519904512      0.0290300 0.52995    -45.0493964 0.56072     9.833 1.13237   235.528 0.69913    37.131 0.95537  20.6540    161.97  20.9594     10.03  19.9193     12.28   1.3755  1.05   1                                        F 0.910 0.924      0.08363      0.09570      0.10542      0.11575     31.97747     29.02846     35.11245    -18.94638    -17.19912    -20.80383    -98.64948    -89.55190   -108.32080                                                                                                                                                                                                                                                                 J000006.98-450258.3   18.507   0.160  17.608                                        
  2443120613649476096      0.0295016 0.02074     -5.3911270 0.01797    12.436 0.02802   -13.428 0.03039   -41.051 0.01897  11.4313   3135.82  12.0694   1258.14  10.6595   1239.25   1.2599  1.20  25                                        F 1.000 0.000      0.07999      0.08024      0.08042      0.08060     -0.77383     -0.77205     -0.77554     33.89827     33.82039     33.97342    -72.92284    -72.75532    -73.08451                                                                                   1237672793422561315  2017ApJS..233...25A  12.838   0.001  11.459   0.000  11.069   0.001  11.455   0.002    00000710-0523271    9.779   0.029   9.175   0.027   9.048   0.027 J000007.07-052327.9    8.958   0.014   9.011   0.008   8.888   0.029   8.674   0.409
  2745049697797567488      0.0297933 0.30996      5.4219619 0.22989    12.565 0.37689   -21.654 0.45962  -123.464 0.24418  19.2888    441.12  21.2861      5.40  17.7834     76.05   1.7993  1.15   0                                        F 1.000 0.000      0.07408      0.07736      0.07982      0.08240     -8.04590     -7.79740     -8.30568     44.87923     43.49314     46.32823    -65.51687    -63.49338    -67.63218                                                                                  PSO J000007.151+0525  2016arXiv161205560C                  21.340   0.033  18.635   0.005  17.377   0.004    00000717+0525209   15.219   0.043  14.648   0.052  14.362   0.085 J000007.14+052519.0   13.966   0.014  13.773   0.014  12.310           8.953        
   530685166960018816      0.0301522 0.11495     69.7172332 0.12211    17.931 0.13618   142.286 0.15518     8.544 0.16739  13.0890    780.47  14.2589     39.11  11.6100     43.97   1.8905  3.20  13                                        F 1.000 0.000      0.05489      0.05538      0.05581      0.05624    -26.40037    -26.19638    -26.60085     48.66143     48.28542     49.03094      7.08232      7.02759      7.13610                                                                                  PSO J000007.149+6943  2016arXiv161205560C  14.752   0.015  13.345   0.004  13.319   0.001  11.434   0.021    00000684+6943016    9.698   0.022   9.119   0.029   8.837   0.024 J000007.27+694301.5    8.736   0.012   8.600   0.008                                
   530685166956474752      0.0309765 0.03925     69.7169334 0.04229    16.983 0.04578   133.206 0.05278    -4.820 0.05746  13.4464    502.07                                                 1.46   0                                        F 0.998            0.05853      0.05872      0.05888      0.05903    -27.85163    -27.77692    -27.92436     51.33592     51.19822     51.46998      7.47122      7.45118      7.49074                                                                                  PSO J000007.312+6943  2016arXiv161205560C  14.880   0.002  13.129   0.003  12.726   0.039  12.151   0.013                                                                                                                                                          
